chengv_0:0.016478
chengv_1:0.250160
chengv_3:0.040011
chengv_4:0.027593
chengv_5:-0.031538
chengv_6:-0.113835
chengv_7:-0.087388
chengv_8:0.102108
chengv_9:-0.024587
chengv_10:0.049449
chengv_11:0.046855
chengv_12:-0.115538
chengv_13:0.081958
chengv_14:0.045101
chengv_15:0.197919
chengv_16:0.030262
chengv_17:-0.014434
chengv_18:0.013776
chengv_19:-0.031615
chengv_20:-0.097950
chengv_21:-0.145567
chengv_22:-0.161638
chengv_23:-0.194373
chengv_24:0.100745
chengv_26:-0.316003
chengv_29:-0.148367
chengv_30:-0.070686
chengv_31:-0.037593
chengv_32:0.001902
chengv_33:0.111641
chengv_34:-0.094683
chengv_36:-0.043570
chengv_39:-0.220043
chengv_44:-0.532656
chengv_45:-0.399857
chengv_46:-0.340599
chengv_47:-0.277648
chengv_48:-0.180681
chengv_49:-0.106632
chengv_50:-0.013032
chengv_51:0.162185
chengv_52:0.386389
chengv_53:0.944290
chengv_value:2 20.0 23.0 25.0 26.0 28.0 30.0 32.0 35.0 42.0
chengv_value:12 0 0.000214 0.003839 0.016941 0.058734 0.077338 0.108429 0.187773 0.35226
chengv_value:13 2.0 2.0 2.0 2.0 3.0 3.0 5.0 6.0 10.0
chengv_value:18 0.04271844660194175 0.05510087056247719 0.06827309236947791 0.08308167389477987 0.0970711486112523 0.11527048619036749 0.14391143911439114 0.17723553207602932 0.25
lanv_0:0.050620
lanv_1:0.066905
lanv_3:-0.071014
lanv_4:-0.038237
lanv_5:-0.062159
lanv_6:-0.051753
lanv_7:-0.067028
lanv_8:-0.046831
lanv_9:0.002616
lanv_10:-0.105421
lanv_11:0.045484
lanv_12:-0.211580
lanv_13:-0.090342
lanv_14:-0.092927
lanv_15:-0.106453
lanv_16:0.012880
lanv_17:0.014810
lanv_18:0.046217
lanv_19:-0.136816
lanv_20:-0.035404
lanv_21:0.098340
lanv_23:-0.121437
lanv_24:-0.288631
lanv_25:-0.152379
lanv_26:-0.133443
lanv_27:-0.058537
lanv_28:-0.043995
lanv_29:-0.009849
lanv_30:0.027167
lanv_31:0.290124
lanv_32:0.169625
lanv_34:-0.540063
lanv_37:-0.371248
lanv_38:-0.215800
lanv_39:-0.094094
lanv_40:0.095189
lanv_41:0.496596
lanv_42:-0.866275
lanv_43:-0.628709
lanv_44:-0.403432
lanv_45:-0.336326
lanv_46:-0.209158
lanv_47:-0.111752
lanv_48:0.141122
lanv_49:0.244544
lanv_50:0.550686
lanv_51:1.117579
lanv_value:2 2.0 4.0 6.0 10.0 13.0 22.0 27.0 31.0 36.0
lanv_value:11 0.0000001 0.000004 0.001923 0.013577 0.058455 0.079287 0.115064 0.199052 0.357351
lanv_value:12 2.0 2.0 2.0 2.0 3.0 4.0 5.0 6.0 9.0
lanv_value:16 0.025653158049541543 0.03543949638610399 0.04176224838587163 0.047748976807639835 0.05555555555555555 0.06550218340611354 0.07603686635944701 0.09229595728451563 0.12280701754385964
puhu_0:0.012693
puhu_1:-0.086992
puhu_2:0.009511
puhu_3:0.019655
puhu_4:-0.057439
puhu_5:-0.054488
puhu_6:-0.004559
puhu_7:0.016853
puhu_8:0.015639
puhu_9:0.040268
puhu_10:-0.109284
puhu_11:-0.162070
puhu_12:-0.175551
puhu_13:-0.153743
puhu_14:-0.123619
puhu_15:-0.100326
puhu_16:-0.071383
puhu_17:-0.019300
puhu_18:-0.020028
puhu_19:0.067468
puhu_22:-0.137104
puhu_24:-0.214048
puhu_25:-0.165451
puhu_26:-0.144674
puhu_27:-0.116860
puhu_28:-0.076840
puhu_29:0.013249
puhu_32:0.005927
puhu_35:-0.222716
puhu_36:-0.227535
puhu_37:-0.188723
puhu_38:-0.146173
puhu_39:-0.055507
puhu_42:-5.061095
puhu_43:-1.415065
puhu_44:-0.278487
puhu_45:0.207801
puhu_46:0.589945
puhu_47:0.986228
puhu_48:1.505972
puhu_49:2.631689
puhu_value:2 16.0 18.0 19.0 20.0 21.0 21.0 23.0 24.0 27.0
puhu_value:11 1e-06 1e-06 1e-06 1e-06 0.001622 0.042559 0.079773 0.153172 0.351944
puhu_value:12 1.0 1.0 2.0 2.0 2.0 3.0 4.0 5.0 9.0
puhu_value:14 0.0 0.0 0.0 0.09090909090909091 0.16666666666666666 0.24 0.3333333333333333 0.4117647058823529 0.518796992481203
